--------------------------------------
With feature=1:
--------------------------------------

Leave-one-out:
avg delta (Mean): 0.0426728480834

No cross-validation:
 Solution:
[  2.25551859e-02   0.00000000e+00   1.13161352e-03   0.00000000e+00
   3.53270356e-02   2.07453079e-03   0.00000000e+00   1.69441550e-04
   3.93917493e-03   1.00000000e+00   1.00000000e+00   1.00000000e+00
   1.11349730e-03   1.00000000e+00   1.00000000e+00   1.00000000e+00
   4.46751650e-03   4.03387440e-03   1.00000000e+00   1.00000000e+00]
Correlation coefficient: 0.655109596265
0.0385255360017


--------------------------------------
With feature=2:
--------------------------------------

Leave-one-out:
avg delta (Mean): 0.0448312197476

No cross-validation:
 Solution:
[  1.96315299e-02   0.00000000e+00   1.11935307e-03   0.00000000e+00
   0.00000000e+00   5.86398720e-04   0.00000000e+00   0.00000000e+00
   0.00000000e+00   2.96560298e-02   6.89254110e-04   0.00000000e+00
   1.00268454e-03   0.00000000e+00   4.46621945e-03   0.00000000e+00
   0.00000000e+00   0.00000000e+00   4.82329679e-03   1.00000000e+00
   1.00000000e+00   1.00000000e+00   1.00000000e+00   1.00000000e+00
   1.00000000e+00   1.00000000e+00   1.00000000e+00   1.06082793e-02
   1.00000000e+00   1.00000000e+00   1.00000000e+00   1.00000000e+00
   1.00000000e+00   1.00000000e+00   1.00000000e+00   1.00000000e+00
   4.01830506e-03   5.14130030e-03   1.00000000e+00   1.00000000e+00
   1.00000000e+00   1.00000000e+00   1.00000000e+00   1.00000000e+00
   1.00000000e+00]
Correlation coefficient: 0.659797693394
0.0384516969775
