program069 4.0 28.0 32.0 32.0 0.25 0.5 1.0 1.0 0.25 0.0 0.0 0.0 1.0 0.0 0.0 0.0 2.0 4.0 0.0 0.0 0.145789
program059 1.0 17.0 28.0 28.0 1.0 5.0 10.0 6.0 0.0 0.0 0.0 0.0 0.0 0.0 0.0 0.0 2.0 4.0 0.0 0.0 0.163186
program024 1.0 38.0 22.0 24.0 2.0 26.0 30.0 32.0 0.0 0.0 0.0 0.0 0.0 0.0 0.0 0.0 2.0 4.0 0.0 0.0 0.344943
program171 5.0 35.0 40.0 40.0 0.3125 4.375 2.75 7.25 0.3125 0.0 0.0 0.0 1.25 0.0 0.0 0.0 0.0 0.0 0.0 0.0 0.144329
program003 1.0 29.0 30.0 26.0 1.0 6.0 8.0 12.0 0.0 0.0 0.0 0.0 0.0 0.0 0.0 0.0 1.0 2.0 0.0 0.0 0.202852
program193 5.0625 35.0625 40.125 40.125 0.25 1.0 2.0 2.0 0.3125 0.0 0.0 0.0 1.25 0.0 0.0 0.0 0.0 0.0 0.0 0.0 0.137013
program196 5.0 35.0 40.0 40.0 1.0625 5.25 10.375 6.5 0.3125 0.0 0.0 0.0 1.25 0.0 0.0 0.0 0.0 0.0 0.0 0.0 0.149913
program060 0.0 0.0 0.0 0.0 2.0 21.0 28.0 34.0 0.0 0.0 0.0 0.0 0.0 0.0 0.0 0.0 2.0 4.0 0.0 0.0 0.145581
program035 1.0 7.0 14.0 14.0 2.0 7.0 6.0 14.0 0.0 0.0 0.0 0.0 0.0 0.0 0.0 0.0 2.0 4.0 0.0 0.0 0.16124
program143 5.0625 35.0625 40.125 40.125 1.0 9.0 6.0 18.0 0.3125 0.0 0.0 0.0 1.25 0.0 0.0 0.0 0.0 0.0 0.0 0.0 0.151905
program040 1.0 23.0 30.0 28.0 2.0 13.0 20.0 26.0 0.0 0.0 0.0 0.0 0.0 0.0 0.0 0.0 2.0 4.0 0.0 0.0 0.21452
program099 4.25 30.0 33.5 33.5 0.0 0.0 0.0 0.0 0.25 0.0 0.0 0.0 1.0 0.0 0.0 0.0 1.25 2.5 0.0 0.0 0.13293
program008 1.0 4.0 6.0 8.0 3.0 4.0 8.0 6.0 0.0 0.0 0.0 0.0 0.0 0.0 0.0 0.0 1.0 2.0 0.0 0.0 0.150383
program034 1.0 7.0 12.0 10.0 4.0 22.0 40.0 34.0 0.0 0.0 0.0 0.0 0.0 0.0 0.0 0.0 0.0 0.0 0.0 0.0 0.193766
program033 0.0 0.0 0.0 0.0 1.0 13.0 26.0 6.0 0.0 0.0 0.0 0.0 0.0 0.0 0.0 0.0 2.0 4.0 0.0 0.0 0.1161
program186 5.0625 35.0625 40.125 40.125 1.0 3.0 2.0 6.0 0.3125 0.0 0.0 0.0 1.25 0.0 0.0 0.0 0.0 0.0 0.0 0.0 0.145733
program011 1.0 41.0 24.0 24.0 3.0 34.0 38.0 50.0 0.0 0.0 0.0 0.0 0.0 0.0 0.0 0.0 1.0 2.0 0.0 0.0 0.370929
program127 4.0 28.0 32.0 32.0 1.25 9.5 19.0 10.5 0.25 0.0 0.0 0.0 1.0 0.0 0.0 0.0 2.0 4.0 0.0 0.0 0.170051
program044 0.0 0.0 0.0 0.0 2.0 10.0 14.0 16.0 0.0 0.0 0.0 0.0 0.0 0.0 0.0 0.0 3.0 6.0 0.0 0.0 0.174974
program168 5.0625 35.0 40.0 40.0 0.0 0.0 0.0 0.0 0.3125 0.0 0.0 0.0 1.25 0.0 0.0 0.0 0.0625 0.125 0.0 0.0 0.13393
program083 6.0 118.0 72.0 72.0 1.25 16.5 7.0 33.0 0.25 0.0 0.0 0.0 1.0 0.0 0.0 0.0 0.0 0.0 0.0 0.0 0.568293
program110 4.0 28.0 32.0 32.0 2.5 31.5 58.0 20.0 0.25 0.0 0.0 0.0 1.0 0.0 0.0 0.0 0.0 0.0 0.0 0.0 0.244425
program100 4.0 28.0 32.0 32.0 2.5 10.25 16.5 16.5 0.25 0.0 0.0 0.0 1.0 0.0 0.0 0.0 0.0 0.0 0.0 0.0 0.177747
program185 5.0 35.0 40.0 40.0 0.125 0.625 0.625 1.125 0.3125 0.0 0.0 0.0 1.25 0.0 0.0 0.0 0.0 0.0 0.0 0.0 0.133825
program043 1.0 40.0 26.0 24.0 3.0 36.0 42.0 52.0 0.0 0.0 0.0 0.0 0.0 0.0 0.0 0.0 1.0 2.0 0.0 0.0 0.358066
program175 5.0625 35.0625 40.125 40.125 0.25 1.75 3.5 2.5 0.3125 0.0 0.0 0.0 1.25 0.0 0.0 0.0 0.0 0.0 0.0 0.0 0.137844
program054 2.0 70.0 54.0 58.0 1.0 9.0 18.0 8.0 0.0 0.0 0.0 0.0 0.0 0.0 0.0 0.0 2.0 4.0 0.0 0.0 0.398554
program157 5.0 35.0 40.0 40.0 1.0 6.0 8.0 12.0 0.3125 0.0 0.0 0.0 1.25 0.0 0.0 0.0 0.0625 0.125 0.0 0.0 0.148643
program018 0.0 0.0 0.0 0.0 3.0 6.0 10.0 12.0 0.0 0.0 0.0 0.0 0.0 0.0 0.0 0.0 2.0 4.0 0.0 0.0 0.158967
program190 5.0 35.0 40.0 40.0 0.125 1.4375 2.875 0.625 0.3125 0.0 0.0 0.0 1.25 0.0 0.0 0.0 0.0 0.0 0.0 0.0 0.136806
program163 5.0 35.0 40.0 40.0 0.125 0.1875 0.375 0.375 0.3125 0.0 0.0 0.0 1.25 0.0 0.0 0.0 0.0 0.0 0.0 0.0 0.133224
program134 5.0 35.0 40.0 40.0 0.25 2.5 5.0 1.5 0.3125 0.0 0.0 0.0 1.25 0.0 0.0 0.0 0.0625 0.125 0.0 0.0 0.139637
program045 0.0 0.0 0.0 0.0 3.0 24.0 48.0 26.0 0.0 0.0 0.0 0.0 0.0 0.0 0.0 0.0 2.0 4.0 0.0 0.0 0.189713
program025 0.0 0.0 0.0 0.0 3.0 23.0 28.0 38.0 0.0 0.0 0.0 0.0 0.0 0.0 0.0 0.0 2.0 4.0 0.0 0.0 0.177244
program074 4.0 28.0 32.0 32.0 2.25 8.5 16.5 17.0 0.25 0.0 0.0 0.0 1.0 0.0 0.0 0.0 0.0 0.0 0.0 0.0 0.188081
program071 4.25 28.0 32.0 32.0 0.5 2.0 4.0 2.5 0.25 0.0 0.0 0.0 1.0 0.0 0.0 0.0 0.25 0.5 0.0 0.0 0.129278
program047 1.0 7.0 10.0 14.0 1.0 2.0 4.0 4.0 0.0 0.0 0.0 0.0 0.0 0.0 0.0 0.0 3.0 6.0 0.0 0.0 0.158687
program026 0.0 0.0 0.0 0.0 3.0 34.0 44.0 48.0 0.0 0.0 0.0 0.0 0.0 0.0 0.0 0.0 2.0 4.0 0.0 0.0 0.213202
program082 4.0 28.0 32.0 32.0 3.25 45.5 13.0 91.0 0.25 0.0 0.0 0.0 1.0 0.0 0.0 0.0 0.0 0.0 0.0 0.0 0.28927
program063 0.0 0.0 0.0 0.0 3.0 14.0 28.0 22.0 0.0 0.0 0.0 0.0 0.0 0.0 0.0 0.0 2.0 4.0 0.0 0.0 0.166351
program188 5.0 35.0 40.0 40.0 1.0625 11.125 22.25 6.25 0.3125 0.0 0.0 0.0 1.25 0.0 0.0 0.0 0.0 0.0 0.0 0.0 0.198855
program053 2.0 97.0 30.0 30.0 2.0 28.0 32.0 32.0 0.0 0.0 0.0 0.0 0.0 0.0 0.0 0.0 1.0 2.0 0.0 0.0 0.544396
program036 0.0 0.0 0.0 0.0 2.0 8.0 16.0 12.0 0.0 0.0 0.0 0.0 0.0 0.0 0.0 0.0 2.0 4.0 0.0 0.0 0.126918
program085 4.0 28.0 32.0 32.0 2.25 23.5 25.0 38.0 0.25 0.0 0.0 0.0 1.0 0.0 0.0 0.0 1.0 2.0 0.0 0.0 0.235993
program028 1.0 47.0 14.0 16.0 4.0 47.0 64.0 62.0 0.0 0.0 0.0 0.0 0.0 0.0 0.0 0.0 0.0 0.0 0.0 0.0 0.431895
program136 5.0 35.0 40.0 40.0 1.0625 4.125 6.25 8.25 0.3125 0.0 0.0 0.0 1.25 0.0 0.0 0.0 0.0 0.0 0.0 0.0 0.158664
program004 1.0 43.0 24.0 24.0 2.0 25.0 12.0 50.0 0.0 0.0 0.0 0.0 0.0 0.0 0.0 0.0 0.0 0.0 0.0 0.0 0.306465
program111 4.0 28.0 32.0 32.0 2.25 25.0 18.0 50.0 0.25 0.0 0.0 0.0 1.0 0.0 0.0 0.0 1.0 2.0 0.0 0.0 0.252558
program073 6.0 107.0 72.0 82.0 1.25 15.25 30.5 8.0 0.25 0.0 0.0 0.0 1.0 0.0 0.0 0.0 0.0 0.0 0.0 0.0 0.479373
program135 5.0625 35.0625 40.125 40.125 0.0 0.0 0.0 0.0 0.3125 0.0 0.0 0.0 1.25 0.0 0.0 0.0 1.0 2.0 0.0 0.0 0.144627
program120 4.5 31.25 36.0 35.0 0.0 0.0 0.0 0.0 0.25 0.0 0.0 0.0 1.0 0.0 0.0 0.0 0.5 1.0 0.0 0.0 0.130401
program092 4.25 29.5 33.5 33.0 0.25 1.5 3.0 1.5 0.25 0.0 0.0 0.0 1.0 0.0 0.0 0.0 2.0 4.0 0.0 0.0 0.199293
program112 4.0 28.0 32.0 32.0 3.25 17.0 30.0 25.5 0.25 0.0 0.0 0.0 1.0 0.0 0.0 0.0 0.0 0.0 0.0 0.0 0.183354
program077 5.0 75.0 48.0 46.0 1.25 15.5 25.0 13.0 0.25 0.0 0.0 0.0 1.0 0.0 0.0 0.0 0.0 0.0 0.0 0.0 0.370793
program113 4.0 28.0 32.0 32.0 2.5 14.75 25.5 22.0 0.25 0.0 0.0 0.0 1.0 0.0 0.0 0.0 0.0 0.0 0.0 0.0 0.186091
program116 4.0 28.0 32.0 32.0 1.25 14.0 7.0 28.0 0.25 0.0 0.0 0.0 1.0 0.0 0.0 0.0 2.0 4.0 0.0 0.0 0.186017
program189 5.0 35.0 40.0 40.0 1.0625 9.6875 7.375 18.625 0.3125 0.0 0.0 0.0 1.25 0.0 0.0 0.0 0.0 0.0 0.0 0.0 0.184459
program039 1.0 28.0 22.0 30.0 4.0 34.0 36.0 68.0 0.0 0.0 0.0 0.0 0.0 0.0 0.0 0.0 0.0 0.0 0.0 0.0 0.287841
program159 5.0 35.0 40.0 40.0 1.0625 7.5 11.0 14.375 0.3125 0.0 0.0 0.0 1.25 0.0 0.0 0.0 0.0 0.0 0.0 0.0 0.150534
program151 6.0 75.0 68.0 62.0 0.0625 0.6875 1.375 0.625 0.3125 0.0 0.0 0.0 1.25 0.0 0.0 0.0 0.0 0.0 0.0 0.0 0.268985
program146 5.0 35.0 40.0 40.0 0.3125 2.3125 2.375 4.625 0.3125 0.0 0.0 0.0 1.25 0.0 0.0 0.0 0.0 0.0 0.0 0.0 0.142664
program075 4.0 28.0 32.0 32.0 2.0 24.0 48.0 16.0 0.25 0.0 0.0 0.0 1.0 0.0 0.0 0.0 0.5 1.0 0.0 0.0 0.227993
program154 5.0 35.0 40.0 40.0 0.125 0.9375 1.875 0.5 0.3125 0.0 0.0 0.0 1.25 0.0 0.0 0.0 0.0 0.0 0.0 0.0 0.13472
program119 5.25 79.25 47.5 47.5 0.5 7.0 14.0 2.0 0.25 0.0 0.0 0.0 1.0 0.0 0.0 0.0 0.0 0.0 0.0 0.0 0.347331
program198 5.25 37.0 41.5 42.0 0.0 0.0 0.0 0.0 0.3125 0.0 0.0 0.0 1.25 0.0 0.0 0.0 0.0625 0.125 0.0 0.0 0.138614
program160 5.0 35.0 40.0 40.0 1.0625 6.375 8.75 12.5 0.3125 0.0 0.0 0.0 1.25 0.0 0.0 0.0 0.0 0.0 0.0 0.0 0.181445
program023 2.0 94.0 32.0 34.0 1.0 14.0 4.0 28.0 0.0 0.0 0.0 0.0 0.0 0.0 0.0 0.0 2.0 4.0 0.0 0.0 0.50595
program049 0.0 0.0 0.0 0.0 2.0 28.0 32.0 32.0 0.0 0.0 0.0 0.0 0.0 0.0 0.0 0.0 3.0 6.0 0.0 0.0 0.230223
program194 5.0625 35.0625 40.125 40.125 0.25 2.75 5.5 2.0 0.3125 0.0 0.0 0.0 1.25 0.0 0.0 0.0 0.0 0.0 0.0 0.0 0.139714
program148 6.0 74.0 64.0 64.0 0.0 0.0 0.0 0.0 0.3125 0.0 0.0 0.0 1.25 0.0 0.0 0.0 0.0625 0.125 0.0 0.0 0.284122
program167 5.0 35.0 40.0 40.0 0.25 0.5 1.0 1.0 0.3125 0.0 0.0 0.0 1.25 0.0 0.0 0.0 0.0625 0.125 0.0 0.0 0.138832
program038 0.0 0.0 0.0 0.0 3.0 41.0 58.0 36.0 0.0 0.0 0.0 0.0 0.0 0.0 0.0 0.0 2.0 4.0 0.0 0.0 0.238457
program093 4.25 29.75 33.5 33.5 2.25 27.25 31.0 34.5 0.25 0.0 0.0 0.0 1.0 0.0 0.0 0.0 0.0 0.0 0.0 0.0 0.262637
program165 5.0 35.0 40.0 40.0 0.0625 0.5 1.0 0.5 0.3125 0.0 0.0 0.0 1.25 0.0 0.0 0.0 0.0625 0.125 0.0 0.0 0.134249
program115 4.25 30.25 33.5 33.5 1.25 14.5 27.0 9.0 0.25 0.0 0.0 0.0 1.0 0.0 0.0 0.0 0.25 0.5 0.0 0.0 0.16519
program079 4.25 29.75 33.5 33.5 2.25 29.75 35.5 36.0 0.25 0.0 0.0 0.0 1.0 0.0 0.0 0.0 0.0 0.0 0.0 0.0 0.199
program141 5.0 35.0 40.0 40.0 0.0625 0.625 0.5 1.25 0.3125 0.0 0.0 0.0 1.25 0.0 0.0 0.0 0.0 0.0 0.0 0.0 0.133057
program098 5.0 40.0 52.0 52.0 1.5 4.75 9.5 7.5 0.25 0.0 0.0 0.0 1.0 0.0 0.0 0.0 0.0 0.0 0.0 0.0 0.198096
program052 0.0 0.0 0.0 0.0 4.0 48.0 76.0 46.0 0.0 0.0 0.0 0.0 0.0 0.0 0.0 0.0 0.0 0.0 0.0 0.0 0.207142
program101 4.0 28.0 32.0 32.0 1.25 8.5 17.0 9.0 0.25 0.0 0.0 0.0 1.0 0.0 0.0 0.0 1.25 2.5 0.0 0.0 0.205377
program155 5.0 35.0 40.0 40.0 0.3125 1.3125 1.625 2.625 0.3125 0.0 0.0 0.0 1.25 0.0 0.0 0.0 0.0 0.0 0.0 0.0 0.140715
program046 1.0 40.0 30.0 24.0 2.0 28.0 32.0 32.0 0.0 0.0 0.0 0.0 0.0 0.0 0.0 0.0 2.0 4.0 0.0 0.0 0.35008
program149 5.0 35.0 40.0 40.0 0.3125 3.25 2.5 5.5 0.3125 0.0 0.0 0.0 1.25 0.0 0.0 0.0 0.0 0.0 0.0 0.0 0.143174
program170 5.0 35.0 40.0 40.0 0.3125 2.125 1.875 4.25 0.3125 0.0 0.0 0.0 1.25 0.0 0.0 0.0 0.0 0.0 0.0 0.0 0.13734
program030 0.0 0.0 0.0 0.0 1.0 4.0 8.0 6.0 0.0 0.0 0.0 0.0 0.0 0.0 0.0 0.0 4.0 8.0 0.0 0.0 0.159267
program172 5.0 35.0 40.0 40.0 1.0625 9.75 19.5 6.375 0.3125 0.0 0.0 0.0 1.25 0.0 0.0 0.0 0.0 0.0 0.0 0.0 0.15612
program153 5.0 35.0 40.0 40.0 1.0625 6.625 11.25 12.375 0.3125 0.0 0.0 0.0 1.25 0.0 0.0 0.0 0.0 0.0 0.0 0.0 0.184343
program161 5.0 35.0 40.0 40.0 0.0625 0.0625 0.125 0.125 0.3125 0.0 0.0 0.0 1.25 0.0 0.0 0.0 1.0 2.0 0.0 0.0 0.176151
program123 6.25 54.25 70.5 72.5 0.0 0.0 0.0 0.0 0.25 0.0 0.0 0.0 1.0 0.0 0.0 0.0 1.0 2.0 0.0 0.0 0.238908
program126 5.0 42.0 54.0 56.0 0.5 1.5 3.0 3.0 0.25 0.0 0.0 0.0 1.0 0.0 0.0 0.0 0.0 0.0 0.0 0.0 0.164074
program062 0.0 0.0 0.0 0.0 4.0 47.0 48.0 72.0 0.0 0.0 0.0 0.0 0.0 0.0 0.0 0.0 1.0 2.0 0.0 0.0 0.250719
program156 5.0625 35.0625 40.125 40.125 1.0 14.0 28.0 4.0 0.3125 0.0 0.0 0.0 1.25 0.0 0.0 0.0 0.0 0.0 0.0 0.0 0.174839
program105 4.25 29.5 33.5 33.5 0.25 1.75 2.5 3.5 0.25 0.0 0.0 0.0 1.0 0.0 0.0 0.0 0.25 0.5 0.0 0.0 0.128023
program080 4.0 28.0 32.0 32.0 1.25 8.25 16.5 10.0 0.25 0.0 0.0 0.0 1.0 0.0 0.0 0.0 2.0 4.0 0.0 0.0 0.238936
program152 5.0 35.0 40.0 40.0 0.0625 0.0625 0.125 0.125 0.3125 0.0 0.0 0.0 1.25 0.0 0.0 0.0 1.0 2.0 0.0 0.0 0.14925
program072 4.0 28.0 32.0 32.0 3.25 12.25 18.5 24.5 0.25 0.0 0.0 0.0 1.0 0.0 0.0 0.0 0.0 0.0 0.0 0.0 0.18824
program183 5.0625 35.0625 40.125 40.125 0.25 1.25 1.0 2.5 0.3125 0.0 0.0 0.0 1.25 0.0 0.0 0.0 0.0 0.0 0.0 0.0 0.139986
program187 5.0 35.0 40.0 40.0 1.0625 8.125 16.25 4.25 0.3125 0.0 0.0 0.0 1.25 0.0 0.0 0.0 0.0 0.0 0.0 0.0 0.153482
program164 5.0 35.0 40.0 40.0 0.3125 1.375 2.25 2.75 0.3125 0.0 0.0 0.0 1.25 0.0 0.0 0.0 0.0 0.0 0.0 0.0 0.137133
program173 5.0 35.0 40.0 40.0 0.0625 0.0 0.0 0.0 0.3125 0.0 0.0 0.0 1.25 0.0 0.0 0.0 0.0625 0.125 0.0 0.0 0.13331
program138 5.0 35.0 40.0 40.0 0.25 0.25 0.5 0.5 0.3125 0.0 0.0 0.0 1.25 0.0 0.0 0.0 0.0625 0.125 0.0 0.0 0.137347
program061 0.0 0.0 0.0 0.0 2.0 26.0 52.0 10.0 0.0 0.0 0.0 0.0 0.0 0.0 0.0 0.0 3.0 6.0 0.0 0.0 0.211339
program124 5.0 72.0 56.0 52.0 2.25 28.5 13.0 54.5 0.25 0.0 0.0 0.0 1.0 0.0 0.0 0.0 0.0 0.0 0.0 0.0 0.402484
program076 4.25 29.5 34.0 33.5 2.25 24.5 31.0 35.0 0.25 0.0 0.0 0.0 1.0 0.0 0.0 0.0 0.0 0.0 0.0 0.0 0.2413
program017 0.0 0.0 0.0 0.0 2.0 11.0 12.0 22.0 0.0 0.0 0.0 0.0 0.0 0.0 0.0 0.0 3.0 6.0 0.0 0.0 0.181269
program103 4.0 28.0 32.0 32.0 3.25 27.25 48.5 26.0 0.25 0.0 0.0 0.0 1.0 0.0 0.0 0.0 0.0 0.0 0.0 0.0 0.241408
program125 4.0 28.0 32.0 32.0 3.25 18.5 37.0 18.0 0.25 0.0 0.0 0.0 1.0 0.0 0.0 0.0 0.0 0.0 0.0 0.0 0.223413
program182 5.0 35.0 40.0 40.0 0.0625 0.3125 0.625 0.5 0.3125 0.0 0.0 0.0 1.25 0.0 0.0 0.0 1.0 2.0 0.0 0.0 0.152021
program104 5.25 39.75 47.5 55.0 0.5 2.0 4.0 3.0 0.25 0.0 0.0 0.0 1.0 0.0 0.0 0.0 0.0 0.0 0.0 0.0 0.180165
program184 5.0 35.0 40.0 40.0 0.125 0.6875 1.375 0.875 0.3125 0.0 0.0 0.0 1.25 0.0 0.0 0.0 0.0 0.0 0.0 0.0 0.135026
program029 0.0 0.0 0.0 0.0 2.0 14.0 16.0 28.0 0.0 0.0 0.0 0.0 0.0 0.0 0.0 0.0 3.0 6.0 0.0 0.0 0.18267
program106 5.0 35.0 46.0 44.0 1.0 3.0 6.0 6.0 0.25 0.0 0.0 0.0 1.0 0.0 0.0 0.0 1.25 2.5 0.0 0.0 0.194632
program050 0.0 0.0 0.0 0.0 2.0 7.0 10.0 14.0 0.0 0.0 0.0 0.0 0.0 0.0 0.0 0.0 3.0 6.0 0.0 0.0 0.152638
program131 4.5 29.5 34.5 34.0 1.25 3.75 7.0 7.5 0.25 0.0 0.0 0.0 1.0 0.0 0.0 0.0 0.0 0.0 0.0 0.0 0.167346
program180 5.0625 35.0625 40.125 40.125 0.25 1.75 3.5 1.5 0.3125 0.0 0.0 0.0 1.25 0.0 0.0 0.0 0.0 0.0 0.0 0.0 0.13773
program095 4.25 29.75 33.5 34.5 0.0 0.0 0.0 0.0 0.25 0.0 0.0 0.0 1.0 0.0 0.0 0.0 1.5 3.0 0.0 0.0 0.168406
program109 4.0 28.0 32.0 32.0 2.0 13.0 16.0 26.0 0.25 0.0 0.0 0.0 1.0 0.0 0.0 0.0 1.25 2.5 0.0 0.0 0.234168
program015 1.0 11.0 14.0 20.0 1.0 8.0 6.0 16.0 0.0 0.0 0.0 0.0 0.0 0.0 0.0 0.0 2.0 4.0 0.0 0.0 0.151617
program091 4.25 29.25 33.5 33.0 3.0 26.0 44.0 34.0 0.25 0.0 0.0 0.0 1.0 0.0 0.0 0.0 0.0 0.0 0.0 0.0 0.184147
program013 1.0 19.0 30.0 26.0 2.0 15.0 26.0 20.0 0.0 0.0 0.0 0.0 0.0 0.0 0.0 0.0 2.0 4.0 0.0 0.0 0.225096
program162 6.0 73.0 66.0 66.0 0.0625 0.625 1.25 0.5 0.3125 0.0 0.0 0.0 1.25 0.0 0.0 0.0 0.0 0.0 0.0 0.0 0.317761
program139 6.0625 69.0625 70.125 68.125 0.0 0.0 0.0 0.0 0.3125 0.0 0.0 0.0 1.25 0.0 0.0 0.0 0.0 0.0 0.0 0.0 0.270123
program058 2.0 28.0 36.0 46.0 2.0 7.0 12.0 12.0 0.0 0.0 0.0 0.0 0.0 0.0 0.0 0.0 1.0 2.0 0.0 0.0 0.218229
program012 0.0 0.0 0.0 0.0 4.0 39.0 58.0 56.0 0.0 0.0 0.0 0.0 0.0 0.0 0.0 0.0 1.0 2.0 0.0 0.0 0.216779
program087 5.0 50.0 60.0 62.0 1.5 15.75 21.5 23.5 0.25 0.0 0.0 0.0 1.0 0.0 0.0 0.0 0.0 0.0 0.0 0.0 0.241202
program121 5.0 65.0 58.0 64.0 0.25 2.0 4.0 2.0 0.25 0.0 0.0 0.0 1.0 0.0 0.0 0.0 1.25 2.5 0.0 0.0 0.278278
program195 5.0 35.0 40.0 40.0 0.0625 0.4375 0.875 0.5 0.3125 0.0 0.0 0.0 1.25 0.0 0.0 0.0 1.0 2.0 0.0 0.0 0.149483
program191 5.0 35.0 40.0 40.0 0.3125 1.6875 3.0 2.875 0.3125 0.0 0.0 0.0 1.25 0.0 0.0 0.0 0.0 0.0 0.0 0.0 0.138817
program042 1.0 33.0 30.0 26.0 3.0 28.0 34.0 46.0 0.0 0.0 0.0 0.0 0.0 0.0 0.0 0.0 1.0 2.0 0.0 0.0 0.314777
program055 1.0 43.0 22.0 24.0 2.0 26.0 52.0 10.0 0.0 0.0 0.0 0.0 0.0 0.0 0.0 0.0 1.0 2.0 0.0 0.0 0.325168
program007 1.0 36.0 30.0 28.0 4.0 43.0 64.0 56.0 0.0 0.0 0.0 0.0 0.0 0.0 0.0 0.0 0.0 0.0 0.0 0.0 0.378761
program088 4.0 28.0 32.0 32.0 2.25 14.25 22.5 22.5 0.25 0.0 0.0 0.0 1.0 0.0 0.0 0.0 0.25 0.5 0.0 0.0 0.175215
program169 5.0 35.0 40.0 40.0 0.0625 0.5 0.5 1.0 0.3125 0.0 0.0 0.0 1.25 0.0 0.0 0.0 0.0625 0.125 0.0 0.0 0.135433
program070 4.0 28.0 32.0 32.0 1.5 9.75 19.0 15.0 0.25 0.0 0.0 0.0 1.0 0.0 0.0 0.0 1.0 2.0 0.0 0.0 0.210965
program031 1.0 49.0 14.0 14.0 2.0 28.0 32.0 32.0 0.0 0.0 0.0 0.0 0.0 0.0 0.0 0.0 2.0 4.0 0.0 0.0 0.38133
program117 4.0 28.0 32.0 32.0 0.5 3.75 6.0 5.5 0.25 0.0 0.0 0.0 1.0 0.0 0.0 0.0 2.0 4.0 0.0 0.0 0.204901
program051 0.0 0.0 0.0 0.0 2.0 13.0 18.0 26.0 0.0 0.0 0.0 0.0 0.0 0.0 0.0 0.0 3.0 6.0 0.0 0.0 0.169461
program102 4.0 28.0 32.0 32.0 2.25 26.75 36.0 33.5 0.25 0.0 0.0 0.0 1.0 0.0 0.0 0.0 1.0 2.0 0.0 0.0 0.208218
program006 2.0 22.0 32.0 34.0 0.0 0.0 0.0 0.0 0.0 0.0 0.0 0.0 0.0 0.0 0.0 0.0 3.0 6.0 0.0 0.0 0.187269
program128 4.0 28.0 32.0 32.0 2.5 31.0 34.0 38.0 0.25 0.0 0.0 0.0 1.0 0.0 0.0 0.0 0.0 0.0 0.0 0.0 0.246656
program078 4.0 28.0 32.0 32.0 2.25 15.75 19.5 30.0 0.25 0.0 0.0 0.0 1.0 0.0 0.0 0.0 1.0 2.0 0.0 0.0 0.210073
program068 4.0 28.0 32.0 32.0 0.5 2.5 5.0 3.0 0.25 0.0 0.0 0.0 1.0 0.0 0.0 0.0 0.0 0.0 0.0 0.0 0.125458
program066 0.0 0.0 0.0 0.0 3.0 34.0 52.0 34.0 0.0 0.0 0.0 0.0 0.0 0.0 0.0 0.0 2.0 4.0 0.0 0.0 0.221181
program108 4.0 28.0 32.0 32.0 0.25 3.25 6.5 1.5 0.25 0.0 0.0 0.0 1.0 0.0 0.0 0.0 0.75 1.5 0.0 0.0 0.13381
program118 4.25 29.5 33.5 34.0 0.75 5.5 7.0 9.0 0.25 0.0 0.0 0.0 1.0 0.0 0.0 0.0 0.0 0.0 0.0 0.0 0.137181
program142 5.0 35.0 40.0 40.0 0.3125 1.125 2.25 1.875 0.3125 0.0 0.0 0.0 1.25 0.0 0.0 0.0 0.0 0.0 0.0 0.0 0.138755
program020 1.0 26.0 28.0 28.0 3.0 25.0 36.0 38.0 0.0 0.0 0.0 0.0 0.0 0.0 0.0 0.0 1.0 2.0 0.0 0.0 0.268528
program081 4.0 28.0 32.0 32.0 3.25 38.0 40.0 60.5 0.25 0.0 0.0 0.0 1.0 0.0 0.0 0.0 0.0 0.0 0.0 0.0 0.276664
program094 4.25 28.75 33.5 33.5 2.0 14.0 28.0 16.0 0.25 0.0 0.0 0.0 1.0 0.0 0.0 0.0 1.0 2.0 0.0 0.0 0.198766
program114 5.0 72.0 52.0 52.0 0.0 0.0 0.0 0.0 0.25 0.0 0.0 0.0 1.0 0.0 0.0 0.0 1.25 2.5 0.0 0.0 0.345638
program140 5.0 35.0 40.0 40.0 0.0625 0.875 1.75 0.25 0.3125 0.0 0.0 0.0 1.25 0.0 0.0 0.0 0.25 0.5 0.0 0.0 0.138419
program199 5.0 35.0 40.0 40.0 1.0625 10.375 10.625 20.75 0.3125 0.0 0.0 0.0 1.25 0.0 0.0 0.0 0.0 0.0 0.0 0.0 0.165511
program174 5.0 35.0 40.0 40.0 0.0625 0.1875 0.375 0.375 0.3125 0.0 0.0 0.0 1.25 0.0 0.0 0.0 0.25 0.5 0.0 0.0 0.137007
program192 6.0 78.0 58.0 64.0 0.0625 0.4375 0.5 0.875 0.3125 0.0 0.0 0.0 1.25 0.0 0.0 0.0 0.0 0.0 0.0 0.0 0.329732
program016 0.0 0.0 0.0 0.0 3.0 3.0 6.0 6.0 0.0 0.0 0.0 0.0 0.0 0.0 0.0 0.0 1.0 2.0 0.0 0.0 0.113226
program200 5.0 35.0 40.0 40.0 0.0625 0.125 0.25 0.25 0.3125 0.0 0.0 0.0 1.25 0.0 0.0 0.0 0.0625 0.125 0.0 0.0 0.135063
program178 5.0 35.0 40.0 40.0 0.0625 0.25 0.375 0.5 0.3125 0.0 0.0 0.0 1.25 0.0 0.0 0.0 0.25 0.5 0.0 0.0 0.136776
program150 5.0 35.0 40.0 40.0 0.0625 0.875 0.25 1.75 0.3125 0.0 0.0 0.0 1.25 0.0 0.0 0.0 0.0625 0.125 0.0 0.0 0.13542
program014 1.0 35.0 28.0 32.0 3.0 36.0 40.0 56.0 0.0 0.0 0.0 0.0 0.0 0.0 0.0 0.0 1.0 2.0 0.0 0.0 0.330523
program122 5.25 64.75 61.5 59.5 1.0 11.0 22.0 10.0 0.25 0.0 0.0 0.0 1.0 0.0 0.0 0.0 1.0 2.0 0.0 0.0 0.354294
program147 5.0 35.0 40.0 40.0 0.3125 3.625 7.25 1.25 0.3125 0.0 0.0 0.0 1.25 0.0 0.0 0.0 0.0 0.0 0.0 0.0 0.142005
program096 4.0 28.0 32.0 32.0 2.5 25.75 39.5 31.5 0.25 0.0 0.0 0.0 1.0 0.0 0.0 0.0 0.0 0.0 0.0 0.0 0.188785
program130 5.0 73.0 52.0 50.0 0.0 0.0 0.0 0.0 0.25 0.0 0.0 0.0 1.0 0.0 0.0 0.0 2.25 4.5 0.0 0.0 0.363161
program089 4.0 28.0 32.0 32.0 3.25 15.75 31.5 21.5 0.25 0.0 0.0 0.0 1.0 0.0 0.0 0.0 0.0 0.0 0.0 0.0 0.223753
program037 0.0 0.0 0.0 0.0 2.0 7.0 14.0 12.0 0.0 0.0 0.0 0.0 0.0 0.0 0.0 0.0 3.0 6.0 0.0 0.0 0.167732
program133 5.0 43.0 52.0 52.0 0.75 5.0 7.0 8.0 0.25 0.0 0.0 0.0 1.0 0.0 0.0 0.0 0.0 0.0 0.0 0.0 0.162599
program000 2.0 59.0 68.0 64.0 0.0 0.0 0.0 0.0 0.0 0.0 0.0 0.0 0.0 0.0 0.0 0.0 2.0 4.0 0.0 0.0 0.302612
program158 5.0 35.0 40.0 40.0 0.125 0.25 0.5 0.5 0.3125 0.0 0.0 0.0 1.25 0.0 0.0 0.0 0.0 0.0 0.0 0.0 0.135758
program132 5.25 53.0 67.5 67.5 2.0 12.0 24.0 14.0 0.25 0.0 0.0 0.0 1.0 0.0 0.0 0.0 0.0 0.0 0.0 0.0 0.254182
program197 5.0 35.0 40.0 40.0 0.0625 0.125 0.25 0.25 0.3125 0.0 0.0 0.0 1.25 0.0 0.0 0.0 0.0625 0.125 0.0 0.0 0.134819
program067 5.25 44.25 52.5 60.5 2.0 9.0 18.0 18.0 0.25 0.0 0.0 0.0 1.0 0.0 0.0 0.0 0.0 0.0 0.0 0.0 0.268855
program009 1.0 16.0 20.0 30.0 3.0 17.0 28.0 32.0 0.0 0.0 0.0 0.0 0.0 0.0 0.0 0.0 1.0 2.0 0.0 0.0 0.215042
program057 0.0 0.0 0.0 0.0 4.0 44.0 76.0 40.0 0.0 0.0 0.0 0.0 0.0 0.0 0.0 0.0 1.0 2.0 0.0 0.0 0.240037
program181 5.0 35.0 40.0 40.0 0.3125 1.3125 2.625 2.0 0.3125 0.0 0.0 0.0 1.25 0.0 0.0 0.0 0.0 0.0 0.0 0.0 0.138476
program032 2.0 60.0 60.0 58.0 1.0 7.0 14.0 10.0 0.0 0.0 0.0 0.0 0.0 0.0 0.0 0.0 1.0 2.0 0.0 0.0 0.315602
program090 4.0 28.0 32.0 32.0 2.25 23.0 38.0 30.5 0.25 0.0 0.0 0.0 1.0 0.0 0.0 0.0 1.0 2.0 0.0 0.0 0.264309
program166 5.0625 35.0625 40.125 40.125 0.0625 0.8125 1.625 0.375 0.3125 0.0 0.0 0.0 1.25 0.0 0.0 0.0 0.0 0.0 0.0 0.0 0.135845
program001 1.0 14.0 20.0 18.0 3.0 15.0 24.0 30.0 0.0 0.0 0.0 0.0 0.0 0.0 0.0 0.0 1.0 2.0 0.0 0.0 0.193424
program005 0.0 0.0 0.0 0.0 1.0 14.0 28.0 4.0 0.0 0.0 0.0 0.0 0.0 0.0 0.0 0.0 4.0 8.0 0.0 0.0 0.178455
program086 4.0 28.0 32.0 32.0 3.25 27.0 32.0 50.5 0.25 0.0 0.0 0.0 1.0 0.0 0.0 0.0 0.0 0.0 0.0 0.0 0.239571
program084 5.0 33.0 42.0 42.0 0.25 1.5 3.0 1.0 0.25 0.0 0.0 0.0 1.0 0.0 0.0 0.0 0.5 1.0 0.0 0.0 0.13768
program144 5.0 35.0 40.0 40.0 1.0625 13.6875 27.375 6.25 0.3125 0.0 0.0 0.0 1.25 0.0 0.0 0.0 0.0 0.0 0.0 0.0 0.207874
program019 1.0 16.0 20.0 22.0 2.0 12.0 24.0 14.0 0.0 0.0 0.0 0.0 0.0 0.0 0.0 0.0 2.0 4.0 0.0 0.0 0.17922
program065 1.0 21.0 30.0 32.0 2.0 6.0 12.0 10.0 0.0 0.0 0.0 0.0 0.0 0.0 0.0 0.0 2.0 4.0 0.0 0.0 0.193351
program145 5.0 35.0 40.0 40.0 0.0625 0.125 0.25 0.25 0.3125 0.0 0.0 0.0 1.25 0.0 0.0 0.0 0.0 0.0 0.0 0.0 0.134905
program176 5.0 35.0 40.0 40.0 0.25 2.25 4.5 2.0 0.3125 0.0 0.0 0.0 1.25 0.0 0.0 0.0 0.0625 0.125 0.0 0.0 0.141757
program097 5.0 48.0 60.0 56.0 2.25 11.75 20.5 17.5 0.25 0.0 0.0 0.0 1.0 0.0 0.0 0.0 0.0 0.0 0.0 0.0 0.198428
program041 0.0 0.0 0.0 0.0 3.0 32.0 54.0 38.0 0.0 0.0 0.0 0.0 0.0 0.0 0.0 0.0 1.0 2.0 0.0 0.0 0.188597
program129 4.25 30.0 34.0 33.5 0.5 2.25 4.5 2.5 0.25 0.0 0.0 0.0 1.0 0.0 0.0 0.0 0.0 0.0 0.0 0.0 0.12754
program010 0.0 0.0 0.0 0.0 4.0 6.0 8.0 12.0 0.0 0.0 0.0 0.0 0.0 0.0 0.0 0.0 1.0 2.0 0.0 0.0 0.142446
program048 0.0 0.0 0.0 0.0 4.0 53.0 64.0 60.0 0.0 0.0 0.0 0.0 0.0 0.0 0.0 0.0 1.0 2.0 0.0 0.0 0.290941
program027 0.0 0.0 0.0 0.0 4.0 18.0 34.0 28.0 0.0 0.0 0.0 0.0 0.0 0.0 0.0 0.0 1.0 2.0 0.0 0.0 0.173342
program002 2.0 81.0 50.0 52.0 1.0 12.0 6.0 24.0 0.0 0.0 0.0 0.0 0.0 0.0 0.0 0.0 2.0 4.0 0.0 0.0 0.48029
program137 5.0 35.0 40.0 40.0 1.0 7.0 14.0 6.0 0.3125 0.0 0.0 0.0 1.25 0.0 0.0 0.0 0.0625 0.125 0.0 0.0 0.170652
program022 0.0 0.0 0.0 0.0 3.0 17.0 30.0 26.0 0.0 0.0 0.0 0.0 0.0 0.0 0.0 0.0 2.0 4.0 0.0 0.0 0.172232
program056 1.0 34.0 32.0 22.0 3.0 32.0 36.0 48.0 0.0 0.0 0.0 0.0 0.0 0.0 0.0 0.0 1.0 2.0 0.0 0.0 0.350992
program177 5.0 35.0 40.0 40.0 0.3125 1.875 3.75 2.75 0.3125 0.0 0.0 0.0 1.25 0.0 0.0 0.0 0.0 0.0 0.0 0.0 0.138754
program064 1.0 33.0 26.0 34.0 4.0 33.0 46.0 52.0 0.0 0.0 0.0 0.0 0.0 0.0 0.0 0.0 0.0 0.0 0.0 0.0 0.310343
program021 2.0 64.0 54.0 58.0 3.0 26.0 28.0 46.0 0.0 0.0 0.0 0.0 0.0 0.0 0.0 0.0 0.0 0.0 0.0 0.0 0.403407
program107 4.0 28.0 32.0 32.0 0.25 2.25 4.5 2.0 0.25 0.0 0.0 0.0 1.0 0.0 0.0 0.0 2.25 4.5 0.0 0.0 0.19602
