program000 2.0 59.0 68.0 64.0 0.0 0.0 0.0 0.0 0.0 0.0 0.0 0.0 0.0 0.0 0.0 0.0 2.0 4.0 0.0 0.0 0.221413
program001 1.0 14.0 20.0 18.0 3.0 15.0 24.0 30.0 0.0 0.0 0.0 0.0 0.0 0.0 0.0 0.0 1.0 2.0 0.0 0.0 0.170539
program002 2.0 81.0 50.0 52.0 1.0 12.0 6.0 24.0 0.0 0.0 0.0 0.0 0.0 0.0 0.0 0.0 2.0 4.0 0.0 0.0 0.231372
program003 1.0 29.0 30.0 26.0 1.0 6.0 8.0 12.0 0.0 0.0 0.0 0.0 0.0 0.0 0.0 0.0 1.0 2.0 0.0 0.0 0.111687
program004 1.0 43.0 24.0 24.0 2.0 25.0 12.0 50.0 0.0 0.0 0.0 0.0 0.0 0.0 0.0 0.0 0.0 0.0 0.0 0.0 0.095812
program005 0.0 0.0 0.0 0.0 1.0 14.0 28.0 4.0 0.0 0.0 0.0 0.0 0.0 0.0 0.0 0.0 4.0 8.0 0.0 0.0 0.134336
program006 2.0 22.0 32.0 34.0 0.0 0.0 0.0 0.0 0.0 0.0 0.0 0.0 0.0 0.0 0.0 0.0 3.0 6.0 0.0 0.0 0.081057
program009 1.0 16.0 20.0 30.0 3.0 17.0 28.0 32.0 0.0 0.0 0.0 0.0 0.0 0.0 0.0 0.0 1.0 2.0 0.0 0.0 0.176935
program011 1.0 41.0 24.0 24.0 3.0 34.0 38.0 50.0 0.0 0.0 0.0 0.0 0.0 0.0 0.0 0.0 1.0 2.0 0.0 0.0 0.304412
program012 0.0 0.0 0.0 0.0 4.0 39.0 58.0 56.0 0.0 0.0 0.0 0.0 0.0 0.0 0.0 0.0 1.0 2.0 0.0 0.0 0.232791
program013 1.0 19.0 30.0 26.0 2.0 15.0 26.0 20.0 0.0 0.0 0.0 0.0 0.0 0.0 0.0 0.0 2.0 4.0 0.0 0.0 0.187822
program014 1.0 35.0 28.0 32.0 3.0 36.0 40.0 56.0 0.0 0.0 0.0 0.0 0.0 0.0 0.0 0.0 1.0 2.0 0.0 0.0 0.231475
program015 1.0 11.0 14.0 20.0 1.0 8.0 6.0 16.0 0.0 0.0 0.0 0.0 0.0 0.0 0.0 0.0 2.0 4.0 0.0 0.0 0.155173
program016 0.0 0.0 0.0 0.0 3.0 3.0 6.0 6.0 0.0 0.0 0.0 0.0 0.0 0.0 0.0 0.0 1.0 2.0 0.0 0.0 0.159818
program017 0.0 0.0 0.0 0.0 2.0 11.0 12.0 22.0 0.0 0.0 0.0 0.0 0.0 0.0 0.0 0.0 3.0 6.0 0.0 0.0 0.106766
program018 0.0 0.0 0.0 0.0 3.0 6.0 10.0 12.0 0.0 0.0 0.0 0.0 0.0 0.0 0.0 0.0 2.0 4.0 0.0 0.0 0.105063
program019 1.0 16.0 20.0 22.0 2.0 12.0 24.0 14.0 0.0 0.0 0.0 0.0 0.0 0.0 0.0 0.0 2.0 4.0 0.0 0.0 0.112555
program020 1.0 26.0 28.0 28.0 3.0 25.0 36.0 38.0 0.0 0.0 0.0 0.0 0.0 0.0 0.0 0.0 1.0 2.0 0.0 0.0 0.21461
program021 2.0 64.0 54.0 58.0 3.0 26.0 28.0 46.0 0.0 0.0 0.0 0.0 0.0 0.0 0.0 0.0 0.0 0.0 0.0 0.0 0.337027
program022 0.0 0.0 0.0 0.0 3.0 17.0 30.0 26.0 0.0 0.0 0.0 0.0 0.0 0.0 0.0 0.0 2.0 4.0 0.0 0.0 0.104145
program023 2.0 94.0 32.0 34.0 1.0 14.0 4.0 28.0 0.0 0.0 0.0 0.0 0.0 0.0 0.0 0.0 2.0 4.0 0.0 0.0 0.150355
program026 0.0 0.0 0.0 0.0 3.0 34.0 44.0 48.0 0.0 0.0 0.0 0.0 0.0 0.0 0.0 0.0 2.0 4.0 0.0 0.0 0.221593
program027 0.0 0.0 0.0 0.0 4.0 18.0 34.0 28.0 0.0 0.0 0.0 0.0 0.0 0.0 0.0 0.0 1.0 2.0 0.0 0.0 0.291088
program029 0.0 0.0 0.0 0.0 2.0 14.0 16.0 28.0 0.0 0.0 0.0 0.0 0.0 0.0 0.0 0.0 3.0 6.0 0.0 0.0 0.22231
program030 0.0 0.0 0.0 0.0 1.0 4.0 8.0 6.0 0.0 0.0 0.0 0.0 0.0 0.0 0.0 0.0 4.0 8.0 0.0 0.0 0.106995
program032 2.0 60.0 60.0 58.0 1.0 7.0 14.0 10.0 0.0 0.0 0.0 0.0 0.0 0.0 0.0 0.0 1.0 2.0 0.0 0.0 0.187192
program033 4.0 28.0 32.0 32.0 2.25 15.25 24.5 26.5 0.25 0.0 0.0 0.0 1.0 0.0 0.0 0.0 0.25 0.5 0.0 0.0 0.141699
program035 4.25 30.25 33.5 33.5 0.5 7.0 14.0 2.0 0.25 0.0 0.0 0.0 1.0 0.0 0.0 0.0 0.25 0.5 0.0 0.0 0.13151
program038 4.0 28.0 32.0 32.0 2.25 30.5 13.0 57.5 0.25 0.0 0.0 0.0 1.0 0.0 0.0 0.0 1.0 2.0 0.0 0.0 0.323727
program040 4.0 28.0 32.0 32.0 0.5 0.5 1.0 1.0 0.25 0.0 0.0 0.0 1.0 0.0 0.0 0.0 0.5 1.0 0.0 0.0 0.117279
program042 4.25 30.25 33.5 33.5 2.0 27.0 54.0 10.0 0.25 0.0 0.0 0.0 1.0 0.0 0.0 0.0 1.0 2.0 0.0 0.0 0.285618
program043 5.0 74.0 48.0 48.0 1.25 14.0 12.0 24.0 0.25 0.0 0.0 0.0 1.0 0.0 0.0 0.0 1.0 2.0 0.0 0.0 0.253969
program044 4.0 28.0 32.0 32.0 0.5 2.75 4.0 4.5 0.25 0.0 0.0 0.0 1.0 0.0 0.0 0.0 0.25 0.5 0.0 0.0 0.172521
program045 5.0 67.0 58.0 64.0 0.5 2.0 2.0 4.0 0.25 0.0 0.0 0.0 1.0 0.0 0.0 0.0 1.0 2.0 0.0 0.0 0.120321
program048 4.0 28.0 32.0 32.0 2.25 11.75 17.5 23.5 0.25 0.0 0.0 0.0 1.0 0.0 0.0 0.0 1.0 2.0 0.0 0.0 0.186512
program051 4.0 28.0 32.0 32.0 1.25 10.0 11.0 20.0 0.25 0.0 0.0 0.0 1.0 0.0 0.0 0.0 1.0 2.0 0.0 0.0 0.215427
program052 4.25 29.25 33.5 33.5 2.0 18.0 22.0 26.0 0.25 0.0 0.0 0.0 1.0 0.0 0.0 0.0 0.25 0.5 0.0 0.0 0.289424
program053 5.0 67.0 58.0 54.0 0.75 7.75 12.0 9.0 0.25 0.0 0.0 0.0 1.0 0.0 0.0 0.0 0.0 0.0 0.0 0.0 0.173059
program054 4.25 29.0 33.0 34.0 2.25 12.25 24.5 18.0 0.25 0.0 0.0 0.0 1.0 0.0 0.0 0.0 0.0 0.0 0.0 0.0 0.337294
program055 4.0 28.0 32.0 32.0 0.5 7.0 8.0 8.0 0.25 0.0 0.0 0.0 1.0 0.0 0.0 0.0 0.5 1.0 0.0 0.0 0.187294
program056 4.0 28.0 32.0 32.0 1.25 8.25 11.0 16.5 0.25 0.0 0.0 0.0 1.0 0.0 0.0 0.0 2.0 4.0 0.0 0.0 0.161342
program058 5.25 31.25 38.5 38.5 0.25 0.5 1.0 1.0 0.25 0.0 0.0 0.0 1.0 0.0 0.0 0.0 0.25 0.5 0.0 0.0 0.255275
program059 4.0 28.0 32.0 32.0 3.0 38.0 40.0 52.0 0.25 0.0 0.0 0.0 1.0 0.0 0.0 0.0 0.25 0.5 0.0 0.0 0.304881
program062 4.0 28.0 32.0 32.0 1.75 5.75 10.5 11.0 0.25 0.0 0.0 0.0 1.0 0.0 0.0 0.0 0.0 0.0 0.0 0.0 0.333135
program063 4.0 28.0 32.0 32.0 2.25 11.0 20.0 20.0 0.25 0.0 0.0 0.0 1.0 0.0 0.0 0.0 1.0 2.0 0.0 0.0 0.236666
program065 4.0 28.0 32.0 32.0 1.5 7.75 14.5 11.5 0.25 0.0 0.0 0.0 1.0 0.0 0.0 0.0 0.25 0.5 0.0 0.0 0.152593
program066 5.0 35.0 40.0 40.0 0.0625 0.25 0.5 0.5 0.3125 0.0 0.0 0.0 1.25 0.0 0.0 0.0 1.0 2.0 0.0 0.0 0.154481
program067 5.0 35.0 40.0 40.0 0.0625 0.4375 0.875 0.625 0.3125 0.0 0.0 0.0 1.25 0.0 0.0 0.0 0.0625 0.125 0.0 0.0 0.181715
program068 5.0 35.0 40.0 40.0 0.3125 2.375 3.25 4.75 0.3125 0.0 0.0 0.0 1.25 0.0 0.0 0.0 0.0 0.0 0.0 0.0 0.171792
program069 5.0625 35.0625 40.125 40.125 0.0 0.0 0.0 0.0 0.3125 0.0 0.0 0.0 1.25 0.0 0.0 0.0 1.0 2.0 0.0 0.0 0.219007
program070 5.3125 36.3125 42.125 41.625 0.0 0.0 0.0 0.0 0.3125 0.0 0.0 0.0 1.25 0.0 0.0 0.0 0.0 0.0 0.0 0.0 0.214841
program071 5.0 35.0 40.0 40.0 1.0 11.0 6.0 22.0 0.3125 0.0 0.0 0.0 1.25 0.0 0.0 0.0 0.0625 0.125 0.0 0.0 0.287533
program074 5.0 35.0 40.0 40.0 1.0625 11.125 22.25 6.25 0.3125 0.0 0.0 0.0 1.25 0.0 0.0 0.0 0.0 0.0 0.0 0.0 0.195714
program075 5.0 35.0 40.0 40.0 0.3125 3.0625 6.125 2.625 0.3125 0.0 0.0 0.0 1.25 0.0 0.0 0.0 0.0 0.0 0.0 0.0 0.152993
program076 5.0 35.0 40.0 40.0 1.0625 9.4375 18.875 8.625 0.3125 0.0 0.0 0.0 1.25 0.0 0.0 0.0 0.0 0.0 0.0 0.0 0.248356
program077 5.0 35.0 40.0 40.0 0.125 0.5625 1.125 1.0 0.3125 0.0 0.0 0.0 1.25 0.0 0.0 0.0 0.0 0.0 0.0 0.0 0.153853
program078 5.0 35.0 40.0 40.0 0.125 0.5625 0.75 1.125 0.3125 0.0 0.0 0.0 1.25 0.0 0.0 0.0 0.0 0.0 0.0 0.0 0.15913
program079 6.0 69.0 68.0 64.0 0.0625 0.75 0.25 1.5 0.3125 0.0 0.0 0.0 1.25 0.0 0.0 0.0 0.0 0.0 0.0 0.0 0.180926
program080 5.0 35.0 40.0 40.0 0.0625 0.5 1.0 0.5 0.3125 0.0 0.0 0.0 1.25 0.0 0.0 0.0 0.0625 0.125 0.0 0.0 0.195423
program081 5.0 35.0 40.0 40.0 0.125 0.125 0.25 0.25 0.3125 0.0 0.0 0.0 1.25 0.0 0.0 0.0 0.0 0.0 0.0 0.0 0.165117
program083 6.0 53.0 68.0 64.0 0.0625 0.375 0.75 0.5 0.3125 0.0 0.0 0.0 1.25 0.0 0.0 0.0 0.0 0.0 0.0 0.0 0.175552
program086 5.0 35.0 40.0 40.0 0.3125 4.375 2.75 7.25 0.3125 0.0 0.0 0.0 1.25 0.0 0.0 0.0 0.0 0.0 0.0 0.0 0.198387
program087 5.0 35.0 40.0 40.0 1.0625 12.8125 25.625 6.375 0.3125 0.0 0.0 0.0 1.25 0.0 0.0 0.0 0.0 0.0 0.0 0.0 0.211782
program089 5.0 35.0 40.0 40.0 0.0625 0.5625 1.125 0.625 0.3125 0.0 0.0 0.0 1.25 0.0 0.0 0.0 1.0 2.0 0.0 0.0 0.17625
program090 5.0 35.0 40.0 40.0 0.3125 2.25 1.875 4.5 0.3125 0.0 0.0 0.0 1.25 0.0 0.0 0.0 0.0 0.0 0.0 0.0 0.267664
program092 5.0 35.0 40.0 40.0 0.0625 0.6875 0.5 1.375 0.3125 0.0 0.0 0.0 1.25 0.0 0.0 0.0 0.0625 0.125 0.0 0.0 0.239803
program093 5.0 35.0 40.0 40.0 1.0625 2.1875 2.375 4.375 0.3125 0.0 0.0 0.0 1.25 0.0 0.0 0.0 0.0 0.0 0.0 0.0 0.14275
program094 5.0 35.0 40.0 40.0 0.3125 0.5625 1.125 1.125 0.3125 0.0 0.0 0.0 1.25 0.0 0.0 0.0 0.0 0.0 0.0 0.0 0.127176
program095 5.0 35.0 40.0 40.0 0.0625 0.0625 0.125 0.125 0.3125 0.0 0.0 0.0 1.25 0.0 0.0 0.0 1.0 2.0 0.0 0.0 0.221532
program096 5.0 35.0 40.0 40.0 0.125 1.0625 1.0 2.125 0.3125 0.0 0.0 0.0 1.25 0.0 0.0 0.0 0.0 0.0 0.0 0.0 0.14577
program097 5.0 35.0 40.0 40.0 0.125 0.375 0.75 0.625 0.3125 0.0 0.0 0.0 1.25 0.0 0.0 0.0 0.0 0.0 0.0 0.0 0.146558
program098 5.0625 35.0625 40.125 40.125 0.0625 0.125 0.25 0.25 0.3125 0.0 0.0 0.0 1.25 0.0 0.0 0.0 0.0 0.0 0.0 0.0 0.135257
